21 41

11111111111111111111111111111111111111111
10000100000000000000000000000000000000001
10011110000000000100000011000000000000001
10000000000100000100000011000000000000001
10000000000000000100000000000000000000001
10000000000000000100000000011100000000001
10001001000111110000000000000111000000001
10001001000011000000000000000000000000001
10001001000000000000000000000000000100001
10001000000000000000100000000000000100001
10001000000000000010001000000000000100001
10001000000000000000100000001000000000001
10001000000000000000000000000000000000001
10001000001111100010000000000000000000001
10001000000111100000000000000000000000001
10000000000000000000000000001111111111111
10001100000000000000000000000001000000001
10001100000000000000000000001001000000001
10001100000000000000000000001001000000001
10000000000000000000000000001000000000001
11111111111111111111111111111111111111111
